Friction Koefficient:
    Air Drag:0.06728982907272346
    Lateral Friction: 0.04690563522883613
Observation Variance:
    X: 2.657538056036601e-07
    Y: 2.22278339699185e-07

V0:
[0.06765226, 3.0122251,  1.87320368, 1.28200583, 1.14423731, 0.73895022,
 0.52028182, 5.49085554, 3.94924928, 3.54246051, 2.80155891, 2.04374177,
 2.02154082, 1.40125792, 0.98830494, 0.90505819, 0.78970596, 0.43610534,
 0.14532336, 0.07285267, 4.46628257, 3.34970818, 2.14575124, 1.46316933,
 1.07807091, 0.84954049, 4.91501687, 3.74792586, 0.0327003,  4.01450235,
 2.89495342, 1.4006895,  1.13776253, 0.69176915, 0.02794545, 3.98222956,
 2.89892734, 2.17607119, 2.00415712, 1.47438209, 1.03913996, 0.72342041,
 0.37628273]


 [0.13637198 0.0304072 ]
[0.06254719 3.04468079 1.912215   1.2887886  1.15886347 1.11878899
 0.74815467 0.53060903 5.53735092 3.98592079 3.56867578 2.87016123
 2.05413787 1.82897527 0.62097094 0.4442383  0.3409483  4.79409402
 3.81658295 2.62149867 2.69339884 2.05345174 1.44380173 1.0144576
 0.91537062 0.82311052 0.44938652 0.07043712 4.51402492 3.36057703
 2.20135633 1.51749284 1.07095426 0.88637004 4.95400017 3.76436462
 0.02991365 4.00978797 2.93565553 1.43219755 1.03758574 0.02016244
 4.02857159 2.93165589 2.16419004 2.05328642 1.49518587 1.06510162
 0.75276557 0.38294053]